0,0.7980342891678673,0.4469650971183091,0.2,0.8,0,0,0.0,0.0,0,0
1,0.7979577837251945,0.4469563384730218,0.2,0.8,0,0,0.0,0.0,0,0
2,0.7978751839208016,0.44694692580663203,0.2,0.8,0,0,0.0,0.0,0,0
3,0.7977857976487817,0.44693677881154553,0.2,0.8,0,0,0.0,0.0,0,0
4,0.7976886459359314,0.44692580505897356,0.2,0.8,0,0,0.0,0.0,0,0
5,0.7975827508659356,0.44691390377778184,0.2,0.8,0,0,0.0,0.0,0,0
6,0.7974668009770343,0.4469009446968032,0.2,0.8,0,0,0.0,0.0,0,0
7,0.7973395512024355,0.4468867741840205,0.2,0.8,0,0,0.0,0.0,0,0
8,0.7971990403434343,0.44687122491719194,0.2,0.8,0,0,0.0,0.0,0,0
9,0.797043114736309,0.44685408015439865,0.2,0.8,0,0,0.0,0.0,0,0
10,0.7968692802972906,0.4468350766074691,0.2,0.8,0,0,0.0,0.0,0,0
11,0.7966742392861326,0.44681387919305987,0.2,0.8,0,0,0.0,0.0,0,0
12,0.7964540718283972,0.4467901354905379,0.2,0.8,0,0,0.0,0.0,0,0
13,0.7962029386389673,0.44676330501895983,0.2,0.8,0,0,0.0,0.0,0,0
14,0.7959147850823292,0.4467327569590062,0.2,0.8,0,0,0.0,0.0,0,0
15,0.7955805117719595,0.44669762988182665,0.2,0.8,0,0,0.0,0.0,0,0
16,0.7951881268232486,0.4466568726334279,0.2,0.8,0,0,0.0,0.0,0,0
17,0.7947224377726645,0.44660895597416805,0.2,0.8,0,0,0.0,0.0,0,0
18,0.7941592948759683,0.44655181182825493,0.2,0.8,0,0,0.0,0.0,0,0
19,0.7934659593439302,0.4464825932561689,0.2,0.8,0,0,0.0,0.0,0,0
20,0.7925923751426442,0.4463968235358974,0.2,0.8,0,0,0.0,0.0,0,0
21,0.7914631425341991,0.446287705415185,0.2,0.8,0,0,0.0,0.0,0,0
22,0.7899437987909559,0.4461448150600763,0.2,0.8,0,0,0.0,0.0,0,0
23,0.7877980655979091,0.4459486620407366,0.2,0.8,0,0,0.0,0.0,0,0
24,0.7845570812046652,0.44566481328638335,0.2,0.8,0,0,0.0,0.0,0,0
25,0.7792111055243508,0.4452230125521124,0.2,0.8,0,0,0.0,0.0,0,0
26,0.7687714883168179,0.44444632526547195,0.2,0.8,0,0,0.0,0.0,0,0
27,0.7420703674967204,0.44289685904296555,0.2,0.8,0,0,0.0,0.0,0,0
28,0.6154478938620823,0.44344085493133356,0.2,0.8,0,0,0.0,0.0,0,0
29,0.1255201490341213,0.7437380937014904,0.8,0.2,0.8,0.2,1.0,1.0,0.888888888888889,0.33333333333333337
30,0.1067441164183847,0.7703837046355279,0.8,0.2,0.8,0.2,1.0,1.0,0.888888888888889,0.33333333333333337
31,0.08431487222028147,0.7722122681280806,0.8,0.2,0.8,0.2,1.0,1.0,0.888888888888889,0.33333333333333337
32,0.05833543505708254,0.7625741173719605,1.0,0.2,1.0,0.2,1.0,1.0,1.0,0.33333333333333337
33,0.036803849243066546,0.7153967799167815,1.0,0.2,1.0,0.2,1.0,1.0,1.0,0.33333333333333337
34,0.027046813251990164,0.7536372128555586,1.0,0.2,1.0,0.2,1.0,1.0,1.0,0.33333333333333337
35,0.019862063154367136,0.7592333566316206,1.0,0.2,1.0,0.2,1.0,1.0,1.0,0.33333333333333337
36,0.015319404015006985,0.7493205538331047,1.0,0.2,1.0,0.2,1.0,1.0,1.0,0.33333333333333337
37,0.01267263123663502,0.7583745504489297,1.0,0.2,1.0,0.2,1.0,1.0,1.0,0.33333333333333337
38,0.010877156672996274,0.757826085661397,1.0,0.2,1.0,0.2,1.0,1.0,1.0,0.33333333333333337
39,0.009458820132760372,0.7662216514081763,1.0,0.2,1.0,0.2,1.0,1.0,1.0,0.33333333333333337
40,0.008404644765855073,0.766891183540698,1.0,0.2,1.0,0.2,1.0,1.0,1.0,0.33333333333333337
41,0.007548216458252439,0.77356375271117,1.0,0.2,1.0,0.2,1.0,1.0,1.0,0.33333333333333337
42,0.006853073132140411,0.7738446912853905,1.0,0.2,1.0,0.2,1.0,1.0,1.0,0.33333333333333337
43,0.0062712908349426225,0.7767754637657387,1.0,0.2,1.0,0.2,1.0,1.0,1.0,0.33333333333333337
44,0.005780896912100616,0.7798830364344236,1.0,0.2,1.0,0.2,1.0,1.0,1.0,0.33333333333333337
45,0.0053587170984352355,0.7813131669489315,1.0,0.2,1.0,0.2,1.0,1.0,1.0,0.33333333333333337
46,0.004993264914333302,0.7821001595010983,1.0,0.2,1.0,0.2,1.0,1.0,1.0,0.33333333333333337
47,0.004675134335277279,0.7845972572283305,1.0,0.2,1.0,0.2,1.0,1.0,1.0,0.33333333333333337
48,0.004392971071013942,0.7852112527839841,1.0,0.2,1.0,0.2,1.0,1.0,1.0,0.33333333333333337
49,0.004142565756274011,0.7869934854143168,1.0,0.2,1.0,0.2,1.0,1.0,1.0,0.33333333333333337
50,0.003917492833061989,0.7878706183914272,1.0,0.2,1.0,0.2,1.0,1.0,1.0,0.33333333333333337
51,0.0037150703814509433,0.7884905140066546,1.0,0.2,1.0,0.2,1.0,1.0,1.0,0.33333333333333337
52,0.0035317091422439025,0.7896604219704132,1.0,0.2,1.0,0.2,1.0,1.0,1.0,0.33333333333333337
53,0.003365465479467097,0.7908787013484895,1.0,0.2,1.0,0.2,1.0,1.0,1.0,0.33333333333333337
54,0.003213167134508743,0.7918363160501565,1.0,0.2,1.0,0.2,1.0,1.0,1.0,0.33333333333333337
55,0.003073913913177823,0.7929546590274914,1.0,0.2,1.0,0.2,1.0,1.0,1.0,0.33333333333333337
56,0.0029452803159773543,0.7935523957452457,1.0,0.2,1.0,0.2,1.0,1.0,1.0,0.33333333333333337
57,0.0028266481765409834,0.7940733893515574,1.0,0.2,1.0,0.2,1.0,1.0,1.0,0.33333333333333337
58,0.00271719007850772,0.7951477395154696,1.0,0.2,1.0,0.2,1.0,1.0,1.0,0.33333333333333337
59,0.0026151789027017416,0.7956402536554712,1.0,0.2,1.0,0.2,1.0,1.0,1.0,0.33333333333333337
60,0.0025202163669927314,0.7963565628359338,1.0,0.2,1.0,0.2,1.0,1.0,1.0,0.33333333333333337
61,0.0024318818050269317,0.7972504461148665,1.0,0.2,1.0,0.2,1.0,1.0,1.0,0.33333333333333337
62,0.0023489915242355134,0.7978645226534365,1.0,0.2,1.0,0.2,1.0,1.0,1.0,0.33333333333333337
63,0.0022712715071030675,0.7983633028008723,1.0,0.2,1.0,0.2,1.0,1.0,1.0,0.33333333333333337
64,0.0021982991081746926,0.798819602656974,1.0,0.2,1.0,0.2,1.0,1.0,1.0,0.33333333333333337
65,0.002129699276683725,0.7992762428433638,1.0,0.2,1.0,0.2,1.0,1.0,1.0,0.33333333333333337
66,0.002065035554223891,0.7996978948049347,1.0,0.2,1.0,0.2,1.0,1.0,1.0,0.33333333333333337
67,0.002004236871147552,0.8004167979419978,1.0,0.2,1.0,0.2,1.0,1.0,1.0,0.33333333333333337
68,0.001946755287751882,0.8010476653597235,1.0,0.2,1.0,0.2,1.0,1.0,1.0,0.33333333333333337
69,0.0018923313023156384,0.8016382768221938,1.0,0.2,1.0,0.2,1.0,1.0,1.0,0.33333333333333337
70,0.001840701975179672,0.8021856045111933,1.0,0.2,1.0,0.2,1.0,1.0,1.0,0.33333333333333337
71,0.001791516714281063,0.8025614832395366,1.0,0.2,1.0,0.2,1.0,1.0,1.0,0.33333333333333337
72,0.0017448175027677047,0.80294480113876,1.0,0.2,1.0,0.2,1.0,1.0,1.0,0.33333333333333337
73,0.0017004945977057925,0.803424124135137,1.0,0.2,1.0,0.2,1.0,1.0,1.0,0.33333333333333337
74,0.0016582256557885866,0.8038626456604236,1.0,0.2,1.0,0.2,1.0,1.0,1.0,0.33333333333333337
75,0.001617990712218647,0.8043473739346727,1.0,0.2,1.0,0.2,1.0,1.0,1.0,0.33333333333333337
76,0.0015795227598148528,0.8047957410838247,1.0,0.2,1.0,0.2,1.0,1.0,1.0,0.33333333333333337
77,0.0015428043023181701,0.8052389160302587,1.0,0.2,1.0,0.2,1.0,1.0,1.0,0.33333333333333337
78,0.001507535528576538,0.8055429727474863,1.0,0.2,1.0,0.2,1.0,1.0,1.0,0.33333333333333337
79,0.0014738683341339442,0.8059388512536138,1.0,0.2,1.0,0.2,1.0,1.0,1.0,0.33333333333333337
80,0.0014414780983104188,0.806196403260847,1.0,0.2,1.0,0.2,1.0,1.0,1.0,0.33333333333333337
81,0.001410469393122783,0.806516050110718,1.0,0.2,1.0,0.2,1.0,1.0,1.0,0.33333333333333337
82,0.0013806754900775168,0.8067864035135002,1.0,0.2,1.0,0.2,1.0,1.0,1.0,0.33333333333333337
83,0.001352063006411943,0.8070390244977164,1.0,0.2,1.0,0.2,1.0,1.0,1.0,0.33333333333333337
84,0.0013246509237958438,0.807407585224117,1.0,0.2,1.0,0.2,1.0,1.0,1.0,0.33333333333333337
85,0.0012982861965252902,0.8077662747928466,1.0,0.2,1.0,0.2,1.0,1.0,1.0,0.33333333333333337
86,0.0012728798205898797,0.8080648787706787,1.0,0.2,1.0,0.2,1.0,1.0,1.0,0.33333333333333337
87,0.0012484113830204505,0.8083715199713365,1.0,0.2,1.0,0.2,1.0,1.0,1.0,0.33333333333333337
88,0.00122478427282654,0.8086380655756962,1.0,0.2,1.0,0.2,1.0,1.0,1.0,0.33333333333333337
89,0.0012020241955424294,0.808916345164603,1.0,0.2,1.0,0.2,1.0,1.0,1.0,0.33333333333333337
90,0.001180073666498374,0.8092275344870494,1.0,0.2,1.0,0.2,1.0,1.0,1.0,0.33333333333333337
91,0.0011588212911679777,0.8094549228415081,1.0,0.2,1.0,0.2,1.0,1.0,1.0,0.33333333333333337
92,0.0011382932497961025,0.8096882071529475,1.0,0.2,1.0,0.2,1.0,1.0,1.0,0.33333333333333337
93,0.001118459498147507,0.8099278639389966,1.0,0.2,1.0,0.2,1.0,1.0,1.0,0.33333333333333337
94,0.0010992743320470408,0.8101579852687355,1.0,0.2,1.0,0.2,1.0,1.0,1.0,0.33333333333333337
95,0.0010807018329809218,0.8103724778725027,1.0,0.2,1.0,0.2,1.0,1.0,1.0,0.33333333333333337
96,0.001062768087742719,0.8106451316384264,1.0,0.2,1.0,0.2,1.0,1.0,1.0,0.33333333333333337
97,0.001045355044616449,0.8108523507768164,1.0,0.2,1.0,0.2,1.0,1.0,1.0,0.33333333333333337
98,0.0010285139639922745,0.8111213694880914,1.0,0.2,1.0,0.2,1.0,1.0,1.0,0.33333333333333337
99,0.0010121842653422152,0.8113790048775801,1.0,0.2,1.0,0.2,1.0,1.0,1.0,0.33333333333333337
