0,0.37885918523352713,0.4074816092637706,0.2,0.8,0.0,0.8,0.0,1.0,0,0.888888888888889
1,0.1653938511431498,0.6952298033288395,0.8,0.2,0,0,0.0,0.0,0,0
2,0.15548241692267376,0.7470509987114783,0.8,0.2,0,0,0.0,0.0,0,0
3,0.1439634062283926,0.7481115409622643,0.8,0.2,0,0,0.0,0.0,0,0
4,0.12453402756871798,0.7179926506366248,0.8,0.2,0,0,0.0,0.0,0,0
5,0.10758879415713514,0.7348147835797958,0.8,0.2,0,0,0.0,0.0,0,0
6,0.074196279240859,0.6935414060686788,0.8,0.2,0,0,0.0,0.0,0,0
7,0.05148080433632661,0.7300961664200725,1.0,0.2,1.0,0,1.0,0.0,1.0,0
8,0.029446529630470886,0.7107628311565942,1.0,0.2,1.0,0,1.0,0.0,1.0,0
9,0.023811715187789424,0.6886961307753869,1.0,0.2,1.0,0,1.0,0.0,1.0,0
10,0.015807812251625163,0.7363413978041999,1.0,0.2,1.0,0,1.0,0.0,1.0,0
11,0.01271053622883556,0.7577866135802813,1.0,0.2,1.0,0,1.0,0.0,1.0,0
12,0.01051472400288176,0.7514675399675725,1.0,0.2,1.0,0,1.0,0.0,1.0,0
13,0.008860729290627851,0.7618794525484512,1.0,0.2,1.0,0,1.0,0.0,1.0,0
14,0.007706018468331506,0.7664446559299154,1.0,0.2,1.0,0,1.0,0.0,1.0,0
15,0.006775742260078989,0.7733132029515012,1.0,0.2,1.0,0,1.0,0.0,1.0,0
16,0.006057506545563288,0.7810912519800968,1.0,0.2,1.0,0,1.0,0.0,1.0,0
17,0.005489330073711228,0.7862722088830952,1.0,0.2,1.0,0,1.0,0.0,1.0,0
18,0.005002566030798891,0.786806813846638,1.0,0.2,1.0,0,1.0,0.0,1.0,0
19,0.004600421828089249,0.7902786073261161,1.0,0.2,1.0,0,1.0,0.0,1.0,0
20,0.004257782851268628,0.7931326961149155,1.0,0.2,1.0,0,1.0,0.0,1.0,0
21,0.0039665506335525924,0.7962643492316552,1.0,0.2,1.0,0,1.0,0.0,1.0,0
22,0.0037057162562939227,0.7970168300934851,1.0,0.2,1.0,0,1.0,0.0,1.0,0
23,0.0034820057884675662,0.7996868822920273,1.0,0.2,1.0,0,1.0,0.0,1.0,0
24,0.0032839863035197653,0.8019243582778756,1.0,0.2,1.0,0,1.0,0.0,1.0,0
25,0.003102830039049635,0.8028529714161833,1.0,0.2,1.0,0,1.0,0.0,1.0,0
26,0.0029426367682630844,0.8044744004349552,1.0,0.2,1.0,0,1.0,0.0,1.0,0
27,0.0027971040995498652,0.8054675448535565,1.0,0.2,1.0,0,1.0,0.0,1.0,0
28,0.0026654405019344843,0.8063512174222439,1.0,0.2,1.0,0,1.0,0.0,1.0,0
29,0.0025460566726271863,0.8077162853384338,1.0,0.2,1.0,0,1.0,0.0,1.0,0
30,0.0024373927395206557,0.8092914557145682,1.0,0.2,1.0,0,1.0,0.0,1.0,0
31,0.0023366219240287494,0.8100748672435336,1.0,0.2,1.0,0,1.0,0.0,1.0,0
32,0.002244243989431641,0.8112896206465158,1.0,0.2,1.0,0,1.0,0.0,1.0,0
33,0.0021588096790824936,0.812375987288964,1.0,0.2,1.0,0,1.0,0.0,1.0,0
34,0.0020795324628843288,0.8133437233666158,1.0,0.2,1.0,0,1.0,0.0,1.0,0
35,0.0020057611590194786,0.8142594658330956,1.0,0.2,1.0,0,1.0,0.0,1.0,0
36,0.0019368085581855468,0.8149434396093803,1.0,0.2,1.0,0,1.0,0.0,1.0,0
37,0.0018724623203501558,0.8157023185824545,1.0,0.2,1.0,0,1.0,0.0,1.0,0
38,0.0018123438239278787,0.8165605990273203,1.0,0.2,1.0,0,1.0,0.0,1.0,0
39,0.001755794772698107,0.8172710520195967,1.0,0.2,1.0,0,1.0,0.0,1.0,0
40,0.001702888825127917,0.818157645113377,1.0,0.2,1.0,0,1.0,0.0,1.0,0
41,0.0016530892390621064,0.819012398609636,1.0,0.2,1.0,0,1.0,0.0,1.0,0
42,0.0016056652923563716,0.8195602752311899,1.0,0.2,1.0,0,1.0,0.0,1.0,0
43,0.001561100439103562,0.820276886216482,1.0,0.2,1.0,0,1.0,0.0,1.0,0
44,0.001519018799568506,0.8210239646850216,1.0,0.2,1.0,0,1.0,0.0,1.0,0
45,0.0014787946492431886,0.8215298343168953,1.0,0.2,1.0,0,1.0,0.0,1.0,0
46,0.0014407415621553717,0.8221246833025461,1.0,0.2,1.0,0,1.0,0.0,1.0,0
47,0.0014045947908652076,0.8227324481816675,1.0,0.2,1.0,0,1.0,0.0,1.0,0
48,0.0013701855363210387,0.8233042861931178,1.0,0.2,1.0,0,1.0,0.0,1.0,0
49,0.0013374671701993658,0.8239109053234658,1.0,0.2,1.0,0,1.0,0.0,1.0,0
50,0.0013060353867108806,0.8243498740523346,1.0,0.2,1.0,0,1.0,0.0,1.0,0
51,0.0012762526902951213,0.8249482386309681,1.0,0.2,1.0,0,1.0,0.0,1.0,0
52,0.0012477686749808347,0.8255202141385141,1.0,0.2,1.0,0,1.0,0.0,1.0,0
53,0.0012203759300660885,0.8259918591089622,1.0,0.2,1.0,0,1.0,0.0,1.0,0
54,0.0011942543272458832,0.8265194680635499,1.0,0.2,1.0,0,1.0,0.0,1.0,0
55,0.0011690891823567969,0.826953534812538,1.0,0.2,1.0,0,1.0,0.0,1.0,0
56,0.0011450293545644543,0.8274442621241627,1.0,0.2,1.0,0,1.0,0.0,1.0,0
57,0.001121940814662437,0.827920717692181,1.0,0.2,1.0,0,1.0,0.0,1.0,0
58,0.001099730302355892,0.8283786645708366,1.0,0.2,1.0,0,1.0,0.0,1.0,0
59,0.0010783568516475601,0.8288180287782889,1.0,0.2,1.0,0,1.0,0.0,1.0,0
60,0.0010576602662111232,0.8291784263156093,1.0,0.2,1.0,0,1.0,0.0,1.0,0
61,0.001037836896614151,0.8295954641217533,1.0,0.2,1.0,0,1.0,0.0,1.0,0
62,0.0010185725944447956,0.8299128905901512,1.0,0.2,1.0,0,1.0,0.0,1.0,0
63,0.0010000833156526578,0.8302787114242872,1.0,0.2,1.0,0,1.0,0.0,1.0,0
64,0.0009822172113582881,0.830625239168099,1.0,0.2,1.0,0,1.0,0.0,1.0,0
65,0.0009649150545582873,0.830924261276255,1.0,0.2,1.0,0,1.0,0.0,1.0,0
66,0.0009482999988493519,0.8312925951973117,1.0,0.2,1.0,0,1.0,0.0,1.0,0
67,0.0009322434508900517,0.8316608409057891,1.0,0.2,1.0,0,1.0,0.0,1.0,0
68,0.0009166625908968417,0.8319930674691878,1.0,0.2,1.0,0,1.0,0.0,1.0,0
69,0.0009015658000039973,0.8323048052458312,1.0,0.2,1.0,0,1.0,0.0,1.0,0
70,0.0008869333003377645,0.8325983476915497,1.0,0.2,1.0,0,1.0,0.0,1.0,0
71,0.0008728202514914358,0.8329341599112993,1.0,0.2,1.0,0,1.0,0.0,1.0,0
72,0.0008591226787571493,0.8332496611972584,1.0,0.2,1.0,0,1.0,0.0,1.0,0
73,0.0008457954946248254,0.8335305259784684,1.0,0.2,1.0,0,1.0,0.0,1.0,0
74,0.0008328982359640259,0.83382755380265,1.0,0.2,1.0,0,1.0,0.0,1.0,0
75,0.0008203463553306034,0.8340990946301835,1.0,0.2,1.0,0,1.0,0.0,1.0,0
76,0.0008081299860243753,0.8343447716789227,1.0,0.2,1.0,0,1.0,0.0,1.0,0
77,0.0007963260631022812,0.8346343192342504,1.0,0.2,1.0,0,1.0,0.0,1.0,0
78,0.0007848460605002916,0.8349117254215704,1.0,0.2,1.0,0,1.0,0.0,1.0,0
79,0.0007736941458601186,0.8351979736354161,1.0,0.2,1.0,0,1.0,0.0,1.0,0
80,0.0007628185986969553,0.8354568502225007,1.0,0.2,1.0,0,1.0,0.0,1.0,0
81,0.0007522213923787885,0.8356994448399437,1.0,0.2,1.0,0,1.0,0.0,1.0,0
82,0.0007419457600872016,0.8359701433252882,1.0,0.2,1.0,0,1.0,0.0,1.0,0
83,0.0007319081226441437,0.8362055097906572,1.0,0.2,1.0,0,1.0,0.0,1.0,0
84,0.0007221503413700765,0.8364539467383926,1.0,0.2,1.0,0,1.0,0.0,1.0,0
85,0.0007126550479806885,0.8367106577737982,1.0,0.2,1.0,0,1.0,0.0,1.0,0
86,0.0007033550792560097,0.8369286938876477,1.0,0.2,1.0,0,1.0,0.0,1.0,0
87,0.0006943031428894875,0.8371539878130937,1.0,0.2,1.0,0,1.0,0.0,1.0,0
88,0.0006854725167472671,0.8373744219163146,1.0,0.2,1.0,0,1.0,0.0,1.0,0
89,0.0006768442762434218,0.8375783556420605,1.0,0.2,1.0,0,1.0,0.0,1.0,0
90,0.0006684663005232572,0.8378178821221351,1.0,0.2,1.0,0,1.0,0.0,1.0,0
91,0.0006602623338703293,0.8380311756796142,1.0,0.2,1.0,0,1.0,0.0,1.0,0
92,0.0006522776113902631,0.8382628684974003,1.0,0.2,1.0,0,1.0,0.0,1.0,0
93,0.0006444544308136348,0.8384722478751485,1.0,0.2,1.0,0,1.0,0.0,1.0,0
94,0.0006368124630858894,0.8386783688507162,1.0,0.2,1.0,0,1.0,0.0,1.0,0
95,0.0006293286510424331,0.8388659804912625,1.0,0.2,1.0,0,1.0,0.0,1.0,0
96,0.000622028781767726,0.8390693331393694,1.0,0.2,1.0,0,1.0,0.0,1.0,0
97,0.0006148950811328246,0.8392733395870697,1.0,0.2,1.0,0,1.0,0.0,1.0,0
98,0.0006079241849572452,0.8394797519676068,1.0,0.2,1.0,0,1.0,0.0,1.0,0
99,0.0006010923839323216,0.8396697835232474,1.0,0.2,1.0,0,1.0,0.0,1.0,0
