0,0.25159286190694435,0.636197621025782,0.625,0.5,1.0,0,0.25,0.0,0.4,0
1,0.24410401691327951,0.6346018537426483,0.625,0.5,1.0,0,0.25,0.0,0.4,0
2,0.22850571137883088,0.6337421344144913,0.625,0.0,0.6666666666666666,0.0,0.5,0.0,0.5714285714285715,0
3,0.22133796462991615,0.6238290452670139,0.75,0.5,1.0,0,0.5,0.0,0.6666666666666666,0
4,0.20850591596643903,0.6176096403240804,0.75,0.5,1.0,0,0.5,0.0,0.6666666666666666,0
5,0.1945238072837091,0.6130109080607318,0.875,0.0,1.0,0.0,0.75,0.0,0.8571428571428571,0
6,0.18246827287045697,0.6081452123190052,0.875,0.0,1.0,0.0,0.75,0.0,0.8571428571428571,0
7,0.16913498309809566,0.6011025312236148,0.875,0.0,1.0,0.0,0.75,0.0,0.8571428571428571,0
8,0.16052542565771208,0.5841839668415664,0.75,0.5,1.0,0,0.5,0.0,0.6666666666666666,0
9,0.1476385772981683,0.576683346479566,0.875,0.5,1.0,0,0.75,0.0,0.8571428571428571,0
10,0.13658893332400437,0.5619326913135223,0.875,0.5,1.0,0,0.75,0.0,0.8571428571428571,0
11,0.11895699632295195,0.5598971575797034,1.0,0.0,1.0,0.0,1.0,0.0,1.0,0
12,0.11505797566470453,0.542237343327251,1.0,0.5,1.0,0,1.0,0.0,1.0,0
13,0.09721806033064057,0.5538384159127068,1.0,0.0,1.0,0.0,1.0,0.0,1.0,0
14,0.08778620200077669,0.5475213769920092,1.0,0.0,1.0,0.0,1.0,0.0,1.0,0
15,0.08206311852421268,0.5378725622108562,1.0,0.5,1.0,0,1.0,0.0,1.0,0
16,0.07437802140301376,0.5330014508213906,1.0,0.5,1.0,0,1.0,0.0,1.0,0
17,0.061829740497138845,0.5592614965608785,1.0,0.0,1.0,0.0,1.0,0.0,1.0,0
18,0.05596801601991351,0.5657875614992081,1.0,0.5,1.0,0.5,1.0,1.0,1.0,0.6666666666666666
19,0.04955918800101354,0.5546790397435378,1.0,0.5,1.0,0.5,1.0,1.0,1.0,0.6666666666666666
20,0.046576264140222756,0.5363621692681373,1.0,0.0,1.0,0.0,1.0,0.0,1.0,0
21,0.039810748361178316,0.5605338908275377,1.0,0.5,1.0,0.5,1.0,1.0,1.0,0.6666666666666666
22,0.036042119761265395,0.5576954925279057,1.0,0.5,1.0,0.5,1.0,1.0,1.0,0.6666666666666666
23,0.03411465000522912,0.5427118304455375,1.0,0.5,1.0,0.5,1.0,1.0,1.0,0.6666666666666666
24,0.029738009493034748,0.5582719154226679,1.0,0.5,1.0,0.5,1.0,1.0,1.0,0.6666666666666666
25,0.02693515509447637,0.569128471387491,1.0,0.5,1.0,0.5,1.0,1.0,1.0,0.6666666666666666
26,0.024604801021405224,0.5713248510272491,1.0,0.5,1.0,0.5,1.0,1.0,1.0,0.6666666666666666
27,0.0225207988619975,0.5705437486127958,1.0,0.5,1.0,0.5,1.0,1.0,1.0,0.6666666666666666
28,0.020843864365897267,0.5651227952173901,1.0,0.5,1.0,0.5,1.0,1.0,1.0,0.6666666666666666
29,0.01931661065093995,0.5661083513834053,1.0,0.5,1.0,0.5,1.0,1.0,1.0,0.6666666666666666
30,0.017787686572439402,0.5743722050124656,1.0,0.5,1.0,0.5,1.0,1.0,1.0,0.6666666666666666
31,0.016504650470421572,0.5774381980081573,1.0,0.5,1.0,0.5,1.0,1.0,1.0,0.6666666666666666
32,0.015453228280589716,0.5760629815499401,1.0,0.5,1.0,0.5,1.0,1.0,1.0,0.6666666666666666
33,0.01437982054102757,0.57963405250049,1.0,0.5,1.0,0.5,1.0,1.0,1.0,0.6666666666666666
34,0.013566069946870788,0.5770123103813172,1.0,0.5,1.0,0.5,1.0,1.0,1.0,0.6666666666666666
35,0.012791556107578688,0.5771401501137027,1.0,0.5,1.0,0.5,1.0,1.0,1.0,0.6666666666666666
36,0.011965907649283488,0.5827009389666415,1.0,0.5,1.0,0.5,1.0,1.0,1.0,0.6666666666666666
37,0.011265269007262307,0.5853408951939462,1.0,0.5,1.0,0.5,1.0,1.0,1.0,0.6666666666666666
38,0.0105957558837559,0.5910073482980271,1.0,0.5,1.0,0.5,1.0,1.0,1.0,0.6666666666666666
39,0.010015298076647697,0.5952263781312848,1.0,0.5,1.0,0.5,1.0,1.0,1.0,0.6666666666666666
40,0.009552434461649299,0.5932251624374472,1.0,0.5,1.0,0.5,1.0,1.0,1.0,0.6666666666666666
41,0.009065826774294936,0.5966283490508639,1.0,0.5,1.0,0.5,1.0,1.0,1.0,0.6666666666666666
42,0.008628997494426206,0.5990142561799817,1.0,0.5,1.0,0.5,1.0,1.0,1.0,0.6666666666666666
43,0.00823568127360665,0.5988529229630756,1.0,0.5,1.0,0.5,1.0,1.0,1.0,0.6666666666666666
44,0.007886745536693135,0.5985713643703126,1.0,0.5,1.0,0.5,1.0,1.0,1.0,0.6666666666666666
45,0.00752325988018936,0.601310496871015,1.0,0.5,1.0,0.5,1.0,1.0,1.0,0.6666666666666666
46,0.007200900080982054,0.6025064521355499,1.0,0.5,1.0,0.5,1.0,1.0,1.0,0.6666666666666666
47,0.006918092706712468,0.6030168325489055,1.0,0.5,1.0,0.5,1.0,1.0,1.0,0.6666666666666666
48,0.006627948482948678,0.6054411405755608,1.0,0.5,1.0,0.5,1.0,1.0,1.0,0.6666666666666666
49,0.0063849493016562755,0.6054820831953698,1.0,0.5,1.0,0.5,1.0,1.0,1.0,0.6666666666666666
50,0.006130312908308761,0.6079591640159477,1.0,0.5,1.0,0.5,1.0,1.0,1.0,0.6666666666666666
51,0.005911364060853711,0.6081433854597079,1.0,0.5,1.0,0.5,1.0,1.0,1.0,0.6666666666666666
52,0.0057121833928317975,0.6084181049432158,1.0,0.5,1.0,0.5,1.0,1.0,1.0,0.6666666666666666
53,0.0055028485261113475,0.6104480458932771,1.0,0.5,1.0,0.5,1.0,1.0,1.0,0.6666666666666666
54,0.005305576445162246,0.6123848974829038,1.0,0.5,1.0,0.5,1.0,1.0,1.0,0.6666666666666666
55,0.005131030152163282,0.6132457981005359,1.0,0.5,1.0,0.5,1.0,1.0,1.0,0.6666666666666666
56,0.004974066170543745,0.6132862277929513,1.0,0.5,1.0,0.5,1.0,1.0,1.0,0.6666666666666666
57,0.004815314542776727,0.6141110510085316,1.0,0.5,1.0,0.5,1.0,1.0,1.0,0.6666666666666666
58,0.00466273072904424,0.6151866725151246,1.0,0.5,1.0,0.5,1.0,1.0,1.0,0.6666666666666666
59,0.0045180433021668335,0.6162362471452099,1.0,0.5,1.0,0.5,1.0,1.0,1.0,0.6666666666666666
60,0.004386953236080237,0.6167324426569823,1.0,0.5,1.0,0.5,1.0,1.0,1.0,0.6666666666666666
61,0.004258010942595291,0.6177811936585363,1.0,0.5,1.0,0.5,1.0,1.0,1.0,0.6666666666666666
62,0.004136436082976991,0.6185632448640566,1.0,0.5,1.0,0.5,1.0,1.0,1.0,0.6666666666666666
63,0.004024404768243105,0.6190718310221327,1.0,0.5,1.0,0.5,1.0,1.0,1.0,0.6666666666666666
64,0.003909142392357708,0.6205086633801494,1.0,0.5,1.0,0.5,1.0,1.0,1.0,0.6666666666666666
65,0.003799167621132215,0.6218397616243937,1.0,0.5,1.0,0.5,1.0,1.0,1.0,0.6666666666666666
66,0.003699095890121068,0.6226371251054759,1.0,0.5,1.0,0.5,1.0,1.0,1.0,0.6666666666666666
67,0.0036072228840420793,0.623015468023907,1.0,0.5,1.0,0.5,1.0,1.0,1.0,0.6666666666666666
68,0.003516179210678547,0.6237494818187211,1.0,0.5,1.0,0.5,1.0,1.0,1.0,0.6666666666666666
69,0.0034278036905246345,0.6245903164315615,1.0,0.5,1.0,0.5,1.0,1.0,1.0,0.6666666666666666
70,0.00334369109500215,0.6252643822477975,1.0,0.5,1.0,0.5,1.0,1.0,1.0,0.6666666666666666
71,0.003261578941410911,0.6262806240467496,1.0,0.5,1.0,0.5,1.0,1.0,1.0,0.6666666666666666
72,0.003187084884743826,0.6266541594880017,1.0,0.5,1.0,0.5,1.0,1.0,1.0,0.6666666666666666
73,0.0031118354807659087,0.6276090191341297,1.0,0.5,1.0,0.5,1.0,1.0,1.0,0.6666666666666666
74,0.0030405079832604345,0.6283083648209814,1.0,0.5,1.0,0.5,1.0,1.0,1.0,0.6666666666666666
75,0.0029730357434172346,0.6288225704635665,1.0,0.5,1.0,0.5,1.0,1.0,1.0,0.6666666666666666
76,0.0029062181168839217,0.6296914611292653,1.0,0.5,1.0,0.5,1.0,1.0,1.0,0.6666666666666666
77,0.0028454397939747045,0.6300184922439518,1.0,0.5,1.0,0.5,1.0,1.0,1.0,0.6666666666666666
78,0.002785706252049533,0.6304743535247963,1.0,0.5,1.0,0.5,1.0,1.0,1.0,0.6666666666666666
79,0.002728655096219298,0.6308968521697512,1.0,0.5,1.0,0.5,1.0,1.0,1.0,0.6666666666666666
80,0.002674077716437592,0.6312468792343985,1.0,0.5,1.0,0.5,1.0,1.0,1.0,0.6666666666666666
81,0.002621662676550231,0.6316276931945237,1.0,0.5,1.0,0.5,1.0,1.0,1.0,0.6666666666666666
82,0.0025681804580136793,0.6323750097572507,1.0,0.5,1.0,0.5,1.0,1.0,1.0,0.6666666666666666
83,0.002516763599218166,0.6330525894337788,1.0,0.5,1.0,0.5,1.0,1.0,1.0,0.6666666666666666
84,0.0024667904604136607,0.6338130791307699,1.0,0.5,1.0,0.5,1.0,1.0,1.0,0.6666666666666666
85,0.0024200658023635258,0.6343207931573419,1.0,0.5,1.0,0.5,1.0,1.0,1.0,0.6666666666666666
86,0.0023757773382652543,0.634680067914305,1.0,0.5,1.0,0.5,1.0,1.0,1.0,0.6666666666666666
87,0.0023307495874088325,0.6353465150854721,1.0,0.5,1.0,0.5,1.0,1.0,1.0,0.6666666666666666
88,0.00228833568250011,0.6358476048481115,1.0,0.5,1.0,0.5,1.0,1.0,1.0,0.6666666666666666
89,0.0022465213819893855,0.636459082510577,1.0,0.5,1.0,0.5,1.0,1.0,1.0,0.6666666666666666
90,0.0022066850410494593,0.636959673365704,1.0,0.5,1.0,0.5,1.0,1.0,1.0,0.6666666666666666
91,0.002168846597737116,0.6372860331544826,1.0,0.5,1.0,0.5,1.0,1.0,1.0,0.6666666666666666
92,0.0021306423246677795,0.6378409595085243,1.0,0.5,1.0,0.5,1.0,1.0,1.0,0.6666666666666666
93,0.0020952563273630063,0.6381273061595145,1.0,0.5,1.0,0.5,1.0,1.0,1.0,0.6666666666666666
94,0.0020594955077789245,0.6386290373083569,1.0,0.5,1.0,0.5,1.0,1.0,1.0,0.6666666666666666
95,0.0020256019085993513,0.6389901215913583,1.0,0.5,1.0,0.5,1.0,1.0,1.0,0.6666666666666666
96,0.001992156189403879,0.6394452656128788,1.0,0.5,1.0,0.5,1.0,1.0,1.0,0.6666666666666666
97,0.0019604889626677223,0.6397685190105474,1.0,0.5,1.0,0.5,1.0,1.0,1.0,0.6666666666666666
98,0.0019290673613819207,0.6402173577515612,1.0,0.5,1.0,0.5,1.0,1.0,1.0,0.6666666666666666
99,0.0018984531416677353,0.640649228132986,1.0,0.5,1.0,0.5,1.0,1.0,1.0,0.6666666666666666
100,0.001869262320392781,0.6409390143851657,1.0,0.5,1.0,0.5,1.0,1.0,1.0,0.6666666666666666
101,0.0018407698069447186,0.6412623979798967,1.0,0.5,1.0,0.5,1.0,1.0,1.0,0.6666666666666666
102,0.001813239829124556,0.6415568857156672,1.0,0.5,1.0,0.5,1.0,1.0,1.0,0.6666666666666666
103,0.0017853911011120767,0.6420616979999605,1.0,0.5,1.0,0.5,1.0,1.0,1.0,0.6666666666666666
104,0.0017590817346993396,0.6424143322018238,1.0,0.5,1.0,0.5,1.0,1.0,1.0,0.6666666666666666
105,0.0017330275186875216,0.6428494198779229,1.0,0.5,1.0,0.5,1.0,1.0,1.0,0.6666666666666666
106,0.0017074713674463018,0.6433039612936938,1.0,0.5,1.0,0.5,1.0,1.0,1.0,0.6666666666666666
107,0.0016835125331962698,0.6435650165376788,1.0,0.5,1.0,0.5,1.0,1.0,1.0,0.6666666666666666
108,0.0016595747980185593,0.6439046547804956,1.0,0.5,1.0,0.5,1.0,1.0,1.0,0.6666666666666666
109,0.0016363417070706363,0.6442245528265603,1.0,0.5,1.0,0.5,1.0,1.0,1.0,0.6666666666666666
110,0.0016134876735481513,0.644587929933827,1.0,0.5,1.0,0.5,1.0,1.0,1.0,0.6666666666666666
111,0.0015916559313163018,0.6448556151033449,1.0,0.5,1.0,0.5,1.0,1.0,1.0,0.6666666666666666
112,0.0015698860294797662,0.6452337713605403,1.0,0.5,1.0,0.5,1.0,1.0,1.0,0.6666666666666666
113,0.001548786067274242,0.6455878137253122,1.0,0.5,1.0,0.5,1.0,1.0,1.0,0.6666666666666666
114,0.0015280834247886352,0.6459505391507796,1.0,0.5,1.0,0.5,1.0,1.0,1.0,0.6666666666666666
115,0.0015079785957664252,0.64628651445964,1.0,0.5,1.0,0.5,1.0,1.0,1.0,0.6666666666666666
116,0.0014881769374937804,0.6466360064778185,1.0,0.5,1.0,0.5,1.0,1.0,1.0,0.6666666666666666
117,0.0014694009623595307,0.6468683385354201,1.0,0.5,1.0,0.5,1.0,1.0,1.0,0.6666666666666666
118,0.0014508433432286526,0.6471217682382634,1.0,0.5,1.0,0.5,1.0,1.0,1.0,0.6666666666666666
119,0.0014329074986048716,0.6473487711532571,1.0,0.5,1.0,0.5,1.0,1.0,1.0,0.6666666666666666
120,0.0014150784232738961,0.6476213076273863,1.0,0.5,1.0,0.5,1.0,1.0,1.0,0.6666666666666666
121,0.0013975584612935471,0.6479126117869193,1.0,0.5,1.0,0.5,1.0,1.0,1.0,0.6666666666666666
122,0.001380389567433876,0.6481981009971048,1.0,0.5,1.0,0.5,1.0,1.0,1.0,0.6666666666666666
123,0.0013638732927553935,0.6484256969294384,1.0,0.5,1.0,0.5,1.0,1.0,1.0,0.6666666666666666
124,0.0013475911105508083,0.6486832459358546,1.0,0.5,1.0,0.5,1.0,1.0,1.0,0.6666666666666666
125,0.0013315666014700402,0.648956473876486,1.0,0.5,1.0,0.5,1.0,1.0,1.0,0.6666666666666666
126,0.0013157632051390854,0.6492568457839273,1.0,0.5,1.0,0.5,1.0,1.0,1.0,0.6666666666666666
127,0.0013006721139232284,0.6494691217198868,1.0,0.5,1.0,0.5,1.0,1.0,1.0,0.6666666666666666
128,0.0012857088002040085,0.6497273782027191,1.0,0.5,1.0,0.5,1.0,1.0,1.0,0.6666666666666666
129,0.0012710203971087524,0.6499885943896244,1.0,0.5,1.0,0.5,1.0,1.0,1.0,0.6666666666666666
130,0.0012565018441973398,0.6502789393266105,1.0,0.5,1.0,0.5,1.0,1.0,1.0,0.6666666666666666
131,0.0012421998035202636,0.6505780049176391,1.0,0.5,1.0,0.5,1.0,1.0,1.0,0.6666666666666666
132,0.001228157832437483,0.6508743565227124,1.0,0.5,1.0,0.5,1.0,1.0,1.0,0.6666666666666666
133,0.0012148164464762321,0.6510676167051257,1.0,0.5,1.0,0.5,1.0,1.0,1.0,0.6666666666666666
134,0.0012016666809054307,0.6512775592845158,1.0,0.5,1.0,0.5,1.0,1.0,1.0,0.6666666666666666
135,0.001188623138074796,0.6515297164374975,1.0,0.5,1.0,0.5,1.0,1.0,1.0,0.6666666666666666
136,0.0011759706843228945,0.6517348564004757,1.0,0.5,1.0,0.5,1.0,1.0,1.0,0.6666666666666666
137,0.0011634864882293689,0.651962882827536,1.0,0.5,1.0,0.5,1.0,1.0,1.0,0.6666666666666666
138,0.0011514227540711012,0.6521402735346464,1.0,0.5,1.0,0.5,1.0,1.0,1.0,0.6666666666666666
139,0.001139471968156713,0.6523423714239373,1.0,0.5,1.0,0.5,1.0,1.0,1.0,0.6666666666666666
140,0.0011277409869065575,0.6525399802885687,1.0,0.5,1.0,0.5,1.0,1.0,1.0,0.6666666666666666
141,0.0011161221136992134,0.6527546654642826,1.0,0.5,1.0,0.5,1.0,1.0,1.0,0.6666666666666666
142,0.001104876620375557,0.6529389780860269,1.0,0.5,1.0,0.5,1.0,1.0,1.0,0.6666666666666666
143,0.001093568940420329,0.6531897053473362,1.0,0.5,1.0,0.5,1.0,1.0,1.0,0.6666666666666666
144,0.0010824508735052768,0.6534384361599364,1.0,0.5,1.0,0.5,1.0,1.0,1.0,0.6666666666666666
145,0.0010716716413018822,0.6536459588473303,1.0,0.5,1.0,0.5,1.0,1.0,1.0,0.6666666666666666
146,0.0010611430741853595,0.6538393627690586,1.0,0.5,1.0,0.5,1.0,1.0,1.0,0.6666666666666666
147,0.0010506233205164034,0.6540793097337844,1.0,0.5,1.0,0.5,1.0,1.0,1.0,0.6666666666666666
148,0.0010403420992933937,0.6543114834734503,1.0,0.5,1.0,0.5,1.0,1.0,1.0,0.6666666666666666
149,0.001030389952191739,0.6544841443508445,1.0,0.5,1.0,0.5,1.0,1.0,1.0,0.6666666666666666
150,0.0010204011785055615,0.6547186148708896,1.0,0.5,1.0,0.5,1.0,1.0,1.0,0.6666666666666666
151,0.0010108396733379155,0.6548854413576038,1.0,0.5,1.0,0.5,1.0,1.0,1.0,0.6666666666666666
152,0.0010013330712978518,0.6550785486452725,1.0,0.5,1.0,0.5,1.0,1.0,1.0,0.6666666666666666
153,0.0009919016747821756,0.6552925916121289,1.0,0.5,1.0,0.5,1.0,1.0,1.0,0.6666666666666666
154,0.0009826577743115947,0.6555007855897039,1.0,0.5,1.0,0.5,1.0,1.0,1.0,0.6666666666666666
155,0.0009736069461444424,0.6556982001014958,1.0,0.5,1.0,0.5,1.0,1.0,1.0,0.6666666666666666
156,0.0009648359565063981,0.6558522017889052,1.0,0.5,1.0,0.5,1.0,1.0,1.0,0.6666666666666666
157,0.0009560995035850729,0.6560295909129126,1.0,0.5,1.0,0.5,1.0,1.0,1.0,0.6666666666666666
158,0.0009474679157429413,0.6562166819042363,1.0,0.5,1.0,0.5,1.0,1.0,1.0,0.6666666666666666
159,0.0009389328717052383,0.6564124473367444,1.0,0.5,1.0,0.5,1.0,1.0,1.0,0.6666666666666666
160,0.0009305773277238418,0.6565987546882105,1.0,0.5,1.0,0.5,1.0,1.0,1.0,0.6666666666666666
161,0.0009224606804920429,0.6567462481378991,1.0,0.5,1.0,0.5,1.0,1.0,1.0,0.6666666666666666
162,0.0009144520040156385,0.6569040712075541,1.0,0.5,1.0,0.5,1.0,1.0,1.0,0.6666666666666666
163,0.0009064667263470155,0.6570904690661361,1.0,0.5,1.0,0.5,1.0,1.0,1.0,0.6666666666666666
164,0.0008986879150218534,0.657249060157247,1.0,0.5,1.0,0.5,1.0,1.0,1.0,0.6666666666666666
165,0.0008910036584154942,0.6574142731130246,1.0,0.5,1.0,0.5,1.0,1.0,1.0,0.6666666666666666
166,0.0008835326066594688,0.6575550723589924,1.0,0.5,1.0,0.5,1.0,1.0,1.0,0.6666666666666666
167,0.0008760690300687201,0.6577281038754165,1.0,0.5,1.0,0.5,1.0,1.0,1.0,0.6666666666666666
168,0.0008687799900527268,0.6578778606017074,1.0,0.5,1.0,0.5,1.0,1.0,1.0,0.6666666666666666
169,0.0008616277055382317,0.6580174636278446,1.0,0.5,1.0,0.5,1.0,1.0,1.0,0.6666666666666666
170,0.0008545472124850633,0.6581637222928148,1.0,0.5,1.0,0.5,1.0,1.0,1.0,0.6666666666666666
171,0.0008475155932726826,0.6583324628736686,1.0,0.5,1.0,0.5,1.0,1.0,1.0,0.6666666666666666
172,0.0008406277194493814,0.6584814785044686,1.0,0.5,1.0,0.5,1.0,1.0,1.0,0.6666666666666666
173,0.0008338337587574078,0.6586354288947665,1.0,0.5,1.0,0.5,1.0,1.0,1.0,0.6666666666666666
174,0.000827158219281687,0.6587816309251875,1.0,0.5,1.0,0.5,1.0,1.0,1.0,0.6666666666666666
175,0.0008205506278351827,0.6589389102012922,1.0,0.5,1.0,0.5,1.0,1.0,1.0,0.6666666666666666
176,0.0008140662182471829,0.6590816002363736,1.0,0.5,1.0,0.5,1.0,1.0,1.0,0.6666666666666666
177,0.0008076971400678334,0.6592222581918703,1.0,0.5,1.0,0.5,1.0,1.0,1.0,0.6666666666666666
178,0.0008013877130369873,0.659367301251852,1.0,0.5,1.0,0.5,1.0,1.0,1.0,0.6666666666666666
179,0.0007951775865264116,0.6595066384042373,1.0,0.5,1.0,0.5,1.0,1.0,1.0,0.6666666666666666
180,0.0007889857588202494,0.6596692643444776,1.0,0.5,1.0,0.5,1.0,1.0,1.0,0.6666666666666666
181,0.0007829621713114929,0.6598016071121127,1.0,0.5,1.0,0.5,1.0,1.0,1.0,0.6666666666666666
182,0.0007769984597780312,0.6599443369563639,1.0,0.5,1.0,0.5,1.0,1.0,1.0,0.6666666666666666
183,0.0007710647047522909,0.6600978587560948,1.0,0.5,1.0,0.5,1.0,1.0,1.0,0.6666666666666666
184,0.0007652827414001654,0.6602257498541827,1.0,0.5,1.0,0.5,1.0,1.0,1.0,0.6666666666666666
185,0.0007595339760304528,0.6603668330465546,1.0,0.5,1.0,0.5,1.0,1.0,1.0,0.6666666666666666
186,0.0007538765873874878,0.660501633117681,1.0,0.5,1.0,0.5,1.0,1.0,1.0,0.6666666666666666
187,0.0007483179462377872,0.6606331830907365,1.0,0.5,1.0,0.5,1.0,1.0,1.0,0.6666666666666666
188,0.0007427626674600439,0.6607867548927879,1.0,0.5,1.0,0.5,1.0,1.0,1.0,0.6666666666666666
189,0.0007373388418746691,0.6609188406958294,1.0,0.5,1.0,0.5,1.0,1.0,1.0,0.6666666666666666
190,0.0007319451346365728,0.6610635862530809,1.0,0.5,1.0,0.5,1.0,1.0,1.0,0.6666666666666666
191,0.0007266575224179277,0.661195345453696,1.0,0.5,1.0,0.5,1.0,1.0,1.0,0.6666666666666666
192,0.000721476610988347,0.6613151561129327,1.0,0.5,1.0,0.5,1.0,1.0,1.0,0.6666666666666666
193,0.0007162802637090665,0.6614627391399602,1.0,0.5,1.0,0.5,1.0,1.0,1.0,0.6666666666666666
194,0.0007112320023571971,0.6615788514377235,1.0,0.5,1.0,0.5,1.0,1.0,1.0,0.6666666666666666
195,0.0007061820976126291,0.6617170807455954,1.0,0.5,1.0,0.5,1.0,1.0,1.0,0.6666666666666666
196,0.000701231631775793,0.6618426350510426,1.0,0.5,1.0,0.5,1.0,1.0,1.0,0.6666666666666666
197,0.00069635425743258,0.6619608565883195,1.0,0.5,1.0,0.5,1.0,1.0,1.0,0.6666666666666666
198,0.0006915518003728654,0.6620781079171113,1.0,0.5,1.0,0.5,1.0,1.0,1.0,0.6666666666666666
199,0.0006868044921350255,0.6621975442956474,1.0,0.5,1.0,0.5,1.0,1.0,1.0,0.6666666666666666
