0,0.00528267047901105,0.08318325424454041,0.0,0.025
1,0.0021580612269096423,0.050045041678329794,0.0,0.03125
2,0.0006435283423318938,0.028438180184299736,0.025,0.05625
3,9.21002401533206e-05,0.010786043075673298,0.075,0.11875
4,1.4430639334191776e-05,0.004048933664154701,0.225,0.20625
5,4.704566885718192e-06,0.0024362260463026437,0.25,0.39375
6,3.1063477859102778e-06,0.0019161753235574308,0.45,0.53125
7,2.9277754130070852e-06,0.0018046489265331378,0.575,0.6125
8,3.07263231204192e-06,0.001815901570912944,0.525,0.58125
9,2.9888862432112416e-06,0.0017586837259006005,0.725,0.61875
10,3.139001315136209e-06,0.0017834704869040382,0.6,0.575
11,2.946968459038323e-06,0.0018325618718743582,0.45,0.65
12,3.0943126738940957e-06,0.0017653540221039287,0.675,0.575
13,2.9256320409775376e-06,0.0017800762531947011,0.55,0.59375
14,2.9168427732784644e-06,0.0017740014564389729,0.65,0.64375
15,2.9366881456338075e-06,0.0017974487295187077,0.55,0.625
16,2.988647947293418e-06,0.0018398274772560344,0.5,0.61875
17,3.0573903181836736e-06,0.001775794122303654,0.575,0.56875
18,2.9139038167645383e-06,0.0017888071963161908,0.575,0.6375
19,2.9318938806197677e-06,0.001825868134044435,0.45,0.64375
20,2.9059233023358905e-06,0.0017915148840253004,0.5,0.675
21,2.9065177114767517e-06,0.0017917624901886095,0.525,0.68125
22,2.91341759547177e-06,0.0018069388887992416,0.475,0.6375
23,2.9195486920012356e-06,0.0017943928216123475,0.675,0.7
24,2.9271886260686386e-06,0.0018235976858820997,0.475,0.61875
25,2.9545367899932027e-06,0.0018187271772501488,0.525,0.625
26,2.9246828069970906e-06,0.0017718360256122148,0.675,0.675
27,2.997077812804127e-06,0.0018404622994630678,0.475,0.6
28,3.0198108029366015e-06,0.0018410135278142882,0.45,0.55625
29,2.9347018776402823e-06,0.0017642158387929903,0.55,0.63125
30,3.2478719995335774e-06,0.0018042504280231654,0.55,0.56875
31,2.9179302765746223e-06,0.0018092580895678985,0.475,0.6375
32,2.955142184233511e-06,0.0017723367355272465,0.7,0.68125
33,3.1321872849638107e-06,0.0017543174791886666,0.675,0.53125
34,2.914574156881981e-06,0.001804407117119487,0.55,0.625
35,2.9073283161742642e-06,0.001788787191257768,0.65,0.69375
36,2.9418902969195475e-06,0.0017799645939657759,0.775,0.74375
37,2.9487636767169177e-06,0.0018134426424869373,0.625,0.7
38,2.9384410357940802e-06,0.0017548540578173374,0.75,0.6625
39,2.985524157323187e-06,0.0017599151672886284,0.7,0.68125
40,2.9226933844274676e-06,0.0018077829855439585,0.525,0.6625
41,2.9982982578363752e-06,0.0017610636712084835,0.725,0.65625
42,3.03054774881254e-06,0.0017478575538207415,0.7,0.5625
43,2.9443891057006096e-06,0.0018214392233866824,0.525,0.625
44,3.0745848092736565e-06,0.0019231933813308455,0.4,0.55625
45,3.038138072108876e-06,0.0019017398368861567,0.4,0.58125
46,3.003479925011116e-06,0.0018752564379405962,0.425,0.625
47,2.948138265411627e-06,0.0017906628219254935,0.575,0.61875
48,2.9535205357784294e-06,0.0017632033781389178,0.625,0.61875
49,2.96751250001789e-06,0.0018519639111856195,0.425,0.6125
50,2.9693607596765984e-06,0.0018592606524233714,0.4,0.6125
51,2.9818971427386697e-06,0.0018131642013781357,0.6,0.6375
52,2.948153050542819e-06,0.0018013962835098354,0.6,0.66875
53,2.9338938213730095e-06,0.0017566256260695859,0.725,0.64375
54,2.957433649234853e-06,0.0017964641351880704,0.6,0.6
55,2.9905928071532656e-06,0.0018662428486259128,0.425,0.6
56,2.9533522887831786e-06,0.0017842396022487593,0.65,0.625
57,2.966080535549441e-06,0.0018556574076643605,0.425,0.575
58,3.0803255325177136e-06,0.0017685925240318713,0.625,0.63125
59,2.9789702320575197e-06,0.0018633631307659552,0.45,0.60625
60,2.972600076153931e-06,0.001828201255460742,0.5,0.6125
61,3.042614447736715e-06,0.0017568594227811473,0.675,0.58125
62,2.940523340230887e-06,0.001817066997281548,0.5,0.60625
63,2.9681571405888274e-06,0.001757931945087468,0.75,0.64375
64,3.1234228899095744e-06,0.0019062624457516714,0.425,0.55625
65,2.9223623601335233e-06,0.0017895229208567303,0.65,0.675
66,3.0066044141459474e-06,0.0018730021407431195,0.425,0.60625
67,2.9157270639450295e-06,0.001784875734423362,0.575,0.64375
68,2.97878713738389e-06,0.0018284141291589277,0.5,0.6125
69,2.980393364693833e-06,0.0018179735438874527,0.575,0.63125
70,2.966874405673752e-06,0.001765419184762353,0.675,0.60625
71,3.0566938567997207e-06,0.001778304338797974,0.725,0.6875
72,2.9862368470543992e-06,0.0017900155000785435,0.625,0.61875
73,2.934398810960261e-06,0.0018242161429870916,0.475,0.65
74,2.92445886916044e-06,0.001774609124386728,0.775,0.7625
75,2.921276778850414e-06,0.0018138375821492333,0.475,0.6375
76,3.1317806573002506e-06,0.001776171013970084,0.6,0.58125
77,2.9087625824295596e-06,0.0017717931696531852,0.75,0.69375
78,3.1653305260239393e-06,0.001766744259136972,0.675,0.54375
79,3.0505613403754033e-06,0.001775035136299852,0.6,0.58125
80,2.9092333556731494e-06,0.001767049607154537,0.75,0.66875
81,3.087447630458286e-06,0.0019335010419073808,0.4,0.55625
82,2.968208950289827e-06,0.0018344018989320525,0.5,0.61875
83,3.0367385731496577e-06,0.0017946187611419487,0.6,0.60625
84,3.187429199708048e-06,0.0017826204313609467,0.65,0.5875
85,2.948349118970804e-06,0.001843117592703518,0.4,0.6125
86,2.9161069687342444e-06,0.0018120095341522969,0.475,0.64375
87,3.018190745615526e-06,0.0018023572086274503,0.575,0.59375
88,3.017713345630617e-06,0.0017615213382447023,0.7,0.625
89,2.9154811067712978e-06,0.0017934132764209076,0.525,0.61875
90,2.9288430749671918e-06,0.0017681501803119262,0.7,0.675
91,3.1371721360513488e-06,0.0019660815349745293,0.4,0.5875
92,2.970205415083014e-06,0.0017486949047838605,0.7,0.63125
93,2.906710135127287e-06,0.0017721619527749873,0.75,0.6875
94,2.939094960180312e-06,0.001820104380769806,0.575,0.63125
95,2.9399746857429303e-06,0.001828753969504594,0.475,0.64375
96,2.905679985517675e-06,0.0017800585127650185,0.725,0.6875
97,2.9232668982486626e-06,0.0018197188498062327,0.45,0.63125
98,2.9648045181485108e-06,0.0018143656957522718,0.525,0.6125
99,2.9762408182737746e-06,0.00177121233064003,0.65,0.625
